01 01 06 01 00 00 0b 2a 00 00 80 00 00 00 00 00
00 00 00 00 00 00 00 00 0a 01 02 00 ca 02 8d bf
00 08 00 00 00 00 00 00 00 00 00 00 00 00 00 00
00 00 00 00 00 00 00 00 00 00 00 00 00 00 00 00
00 00 00 00 00 00 00 00 00 00 00 00 00 00 00 00
00 00 00 00 00 00 00 00 00 00 00 00 00 00 00 00
00 00 00 00 00 00 00 00 00 00 00 00 00 00 00 00
00 00 00 00 00 00 00 00 00 00 00 00 00 00 00 00
00 00 00 00 00 00 00 00 00 00 00 00 00 00 00 00
00 00 00 00 00 00 00 00 00 00 00 00 00 00 00 00
00 00 00 00 00 00 00 00 00 00 00 00 00 00 00 00
00 00 00 00 00 00 00 00 00 00 00 00 00 00 00 00
00 00 00 00 00 00 00 00 00 00 00 00 00 00 00 00
00 00 00 00 00 00 00 00 00 00 00 00 00 00 00 00
00 00 00 00 00 00 00 00 00 00 00 00 63 82 53 63
35 01 01 39 02 04 b0 3d 1b 00 63 69 73 63 6f 2d
63 61 30 32 2e 38 64 62 66 2e 30 30 30 38 2d 47
69 30 2f 30 0c 02 52 31 37 08 01 06 0f 2c 03 21
96 2b ff